923334504548
923225445636
923054058081
923001002864
923241425146
923348033984
923028813147
923209445081
923200000120
923007369428
923066132117
923224058277
923004091911
923214081108
923074748133
923007544126
923329669987
923004108794
923332028291
923224748477
923321402472
923214948880
923214020986
923324845970
923401754904
923229555592
923217522220
923314161213
923154663901
923080788885
923229582959
923224194255
923006198686
923234073772
923214048263
923023366629
923044666655
923176411120
923334444636
923340737900
923219661661
923025090909
923007350366
923324156844
923013758050
923114788062
923151420379
923004440982
923039149099
923361288886
923214879179
923046406221
923400463344
923218098098
923214697309
923218488048
923048888739
923004442197
923091467756
923120702543
923004343360
923090772229
923211481111
923094566675
923238845888
923264227802
923286066692
923214456210
923224825994
923244956690
923234173970
923219449382
923124912626
923434181588
923334572300
923214481099
923123456393
923037551504
923054449665
923004729812
923006922591
923104989125
923174067084
923214114628
923334514477
923007544126
923334522291
923008487798
923434169100
923206895342
923324668080
923228008408
923366611711
923094452230
923008447303
923244777138
923094566675
923334550169
923094141806
923321450713
923217388050
923008524445
923216312000
923215888856
923217258609
923058882345
923211103747
923225176092
923238403254
923180738211
923214517718
923000818020
923164242373
923120411414
923028221777
923321405857
923004629461
923344061640
923228472960
923097444427
923008097483
923078087267
923013803932
923091110666
923230110312
923004898845
923239941179
923105448526
923004194870
923004406590
923244000115
923069667448
923090111444
923214317174
923211681588
923064597699
923092014370
923075747113
923336911111
923214818033
923324516973
923374830459
923221193119
923224738413
923229270713
923124561245
923224080586
923085120384
923214266095
923247023541
923154923813
923204815058
923004029629
923151272022
923004644005
923121712168
923004469013
923214057710
923068418031
923210346699
923213086377
923447536253
923288064501
923214309965
923264783428
923036925824
923304658992
923014162415
923051862809
923234416172
923080420192
923078522757
923264670510
923218861010
923044656306
923224340076
923212567177
923494743393
923000777108
923004034417
923036070500
923030863530
923217640808
923004906482
923128852553
923068111539
923154154830
923344873583
923233434076
923036299515
923314044954
923244703694
923144509142
923000847558
923008443609
923354700432
923258706799
923477502596
923098097648
923219868098
923028411961
923105241219
923204488587
923174468298
923196530805
923234346064
923184327984
923217705203
923099537269
923454118494
923210333065
923334753333
923224346049
923004479735
923454550169
923704218396
923244016400
923239955633
923390000027
923087382361
923134470163
923238843740
923244523808
923224000025
923416004042
923051000089
923214049603
923005202920
923224270092
923152364444
923002926999
923020448568
923324155321
923333212666
923015148830
923243802038
923235999999
923154464681
923219177887
923238417402
923224087927
923174066889
923214513351
923022802222
923352354874
923198595604
923017907878
923241146933
923245743181
923334282292
923004676955
923087547042
923334668260
923278838495
923324319734
923227581118
923130001875
923214941429
923030451266
923077027614
923206478361
923223000006
923104989125
923494917784
923444848334
923004787238
923034352332
923071617776
923008003145
923004440982
923224825994
923233434076
923004535463
923392003227
923314830356
923350166315
923244532645
923227868216
923004531825
923167701660
923219462369
923014526178
923219457100
923094334336
923154411423
923164715325
923427811671
923034147674
923234248610
923004151817
923124210724
923004385750
923021491668
923030274005
923230091964
923164006024
923214088712
923209047111
923224811633
923042000555
923214567013
923067530296
923235999999
923324516973
923055964710
923314510384
923038491901
923244973625
923351413076
923119490237
923262994038
923044724923
923139333000
923454411616
923004017472
923227407054
923054005940
923229603823
923074541557
923705101625
923270441686
923008837036
923034402229
923228479828
923212365701
923098855751
923214717470
923214021780
923334177703
923134411727
923234263737
923039148875
923364755962
923009411119
923090111888
923219413873
923009388581
923246031316
923024081194
923039182910
923071126370
923008482871
923228720729
923224566469
923009484233
923208414424
923009202546
923234271609
923052871401
923303188819
923104299919
923214233332
923004729812
923344604453
923214457147
923224146409
923024174540
923222226623
923218658550
923314332479
923009477069
923074464408
923043741390
923074930316
923000430329
923219494053
923336095005
923201426575
923429010042
923034996766
923096025677
923219444247
923021406478
923214440492
923244439032
923401754904
923086277555
923333536571
923340000830
923219464467
923007630623
923458488214
923498716870
923234082973
923224405604
923014435787
923058848028
923008814595
923214041104
923054767580
923214284594
923226500177
923004886623
923245510035
923074433353
923004582695
923019799663
923004065773
923164721075
923101726981
923028403868
923217173214
923214451586
923000847558
923076830489
923224000768
923225802322
923244921459
923025263414
923025074727
923144502950
923314727659
923064560847
923238430015
923026666037
923318444408
923004526943
923060001966
923244520372
923214199445
923267302222
923224717000
923004615318
923324390307
923039502392
923392222727
923218418979
923174873654
923018499221
923074694196
923008293092
923238431516
923125620570
923224989993
923334608785
923004263047
923024689897
923261895325
923224843980
923100402305
923218863939
923009423129
923214062664
923244940081
923006641726
923000435544
923038065689
923004895442
923030099215
923346438888
923358346015
923475919074
923074100580
923204966223
923062979281
923218418979
923164245642
923474595734
923124188404
923217595455
923004236720
923006010698
923039513515
923008726564
923134449333
923091467290
923310077420
923274741010
923226606625
923227837082
923211133111
923214073575
923224665135
923356315219
923245256447
923334444422
923251123535
923007222172
923002919629
923089477464
923228419100
923174343696
923314177707
923004001324
923444416612
923214339894
923295507654
923245743181
923208408680
923008424644
923324929507
923265924330
923100402305
923224449947
923218887584
923063744776
923354013867
923087078741
923218848153
923006355763
923041241212
923297242947
923054294281
923214729812
923124171179
923024652127
923165618060
923224763053
923124333227
923217911671
923004202921
923299693179
923094053606
923331835070
923094442525
923005305250
923096619190
923000777102
923227007829
923008400145
923018485087
923209426779
923002170317
923234170505
923208004006
923094760055
923054382378
923158483939
923434753141
923218499894
923009455072
923214710597
923074690247
923231010191
923234876011
923324577233
923016807320
923004703245
923704441138
923096401880
923030474305
923006699788
923014080769
923004487625
923204033799
923098188775
923218035023
923224605007
923219406714
923219443696
923074236722
923214918200
923078480077
923006921669
923061888801
923224004252
923174627654
923169994388
923200457549
923224157900
923034838568
923204901897
923091492755
923067111248
923004383839
923274098316
923208493719
923256039015
923215753112
923011667003
923314895202
923249001929
923217256024
923004481745
923008266233
923314986889
923224404678
923033889306
923020001326
923444000455
923214929218
923295587838
923024405636
923303192094
923235523329
923224686926
923120766646
923224018820
923004282717
923244330977
923005590321
923013352266
923324474589
923218481906
923004621112
923124006060
923223500009
923006544828
923174235299
923704412694
923004653377
923214919749
923008430016
923236532078
923436469858
923224092849
923340018138
923084452919
923215385960
923311141254
923164101566
923033334228
923248495121
923096656000
923339990069
923006650551
923244228194
923004998438
923243802038
923008442731
923099984402
923214234567
923164581956
923334942433
923224248573
923333394455
923288162668
923015633331
923004001297
923238928982
923218869963
923004355417
923018718393
923228084035
923035072093
923214885165
923214953962
923216666327
923018480553
923208450020
923004554077
923090494677
923124982186
923058794981
923223505594
923219425055
923111122469
923090049667
923224803603
923234035578
923039508759
923020764671
923018407430
923008491006
923056453416
923216852462
923238049091
923178128181
923394080468
923219780501
923234677842
923435209804
923001077173
923244488008
923249001929
923364026065
923134177772
923238853078
923008625833
923009446192
923008038136
923040048174
923014950096
923235682999
923456632306
923218843191
923074303030
923224200442
923004416727
923004258378
923214809508
923477580781
923412960963
923046030000
923001999888
