923008081709,
923056776585,
923075520006,
923200915054,
923295290248,
923224266302,
923273289198,
923273222267,
923015608888,
923296122786,
923404107664,
923055210717,
923024030412,
923204500607,
923224298698,
923315477728,
923201010459,
923033811222,
923005510555,
923017263454,
923024920380,
923254821083,
923217525503,
923454921974,
923002222133,
923006129706,
923151608212,
923144462550,
923344245877,
923084646715,
923209936810,
923001527427,
923013663111,
923024851115,
923021733980,
923029163475,
923264165731,
923280299992,
923257888525,
923004661734,
923208333888,
923030506569






