
92321 5385960,
92316 4242373,
92339 2222727,
92349 8716870,
92305 4294281,
92303 0863530,
92306 4560847,
92302 0448568,
92316 4245642,
9232 14 71 75 57,
92322 8720729,
92341 6004042,
92320 4033799,
92301 8407430,
92300 8814595,
92301 1667003,
92324 1425146,
92316 7701660,
92307 4541557,
92321 5888856,
92302 4652127,
92344 4848334,
921 330-816-1616,
92308 6277555,
92339 2003227,
92333 4550169,
92301 4162415,
92328 8064501,
92303 4147674,
92335 6315219,
92302 2802222,
92321 4657570,
92305 1862809,
92321 8887584,
92333 4753333,
92322 4566469,
92321 4451586,
92300 4282717,
92301 9799663,
92322 8479828,
92322 9582959,
9232 3 404 00 70,
92321 8863939,
92321 4517718,
92333 3394455,
92pen now,
92324 4330977,
9232 19 47 93 06,
92307 1126370,
92321 4818033,
92316 9994388,
9232 3 843 00 15,
92300 5590321,
92309 0772229,
92370 4218396,
92309 4141806,
92302 1406478,
92300 6641726,
92315 4154830,
92300 7630623,
92301 7907878,
92042) 35232451,
92320 4901897,
92307 4433353,
92308 0420192,
92317 8128181,
92305 8794981,
92300 4406590,
92322 4087927,
92321 9177887,
92329 5587838,
92300 8482871,
92312 4006060,
92323 4263737,
92300 2919629,
92370 4412694,
92303 9148875,
92322 7407054,
92333 4572300,
92309 4334336,
92310 4989125,
92322 9603823,
92333 3536571,
92303 0474305,
92303 4402229,
92321 9494053,
9232 2 700 78 29,
92303 4352332,
9232 60 70 25 43,
92323 4346064,
92300 0847558,
92321 4481099,
92309 4566675,
92321 9444247,
92300 6198686,
92345 6632306,
92331 4044954,
92300 9484233,
92321 4567013,
92303 7551504,
92305 8882345,
92324 5256447,
92321 8418979,
92303 5072093,
92301 8499221,
92321 4048263,
92302 0001326,
92339 0000027,
92312 5620570,
92314 4339151,
9232 14 94 60 49,
92300 4487625,
92309 6025677,
92310 5241219,
92314 4502950,
92042) 35722329,
92321 9449382,
92321 4020986,
92300 4469013,
92300 0430329,
92lways open,
92300 4535463,
92300 4481745,
92322 4340076,
92323 4173970,
92326 7302222,
92321 4919749,
92370 4441138,
92318 4327984,
92303 3334228,
92322 1193119,
92322 4748477,
92315 4663901,
92321 8098098,
92309 1110666,
92307 4303030,
92300 9477069,
92313 7350366,
9232 2 409 28 49,
92322 9555592,
92300 4898845,
9232 3 843 15 16,
92322 4000768,
92323 0091964,
92320 0000120,
92324 4000115,
9233 2 44 15 53 21,
92312 4333227,
92300 4582695,
92305 4058081,
92322 4803603,
92323 5999999,
92304 6030000,
92321 6312000,
92331 0077420,
92312 0766646,
92310 5448526,
92322 8008408,
92302 1491668,
92312 1712168,
92337 4830459,
92323 9955633,
92300 4202921,
92323 8853078,
92303 6925824,
92306 8111539,
92321 4073575,
92300 8447303,
92323 8843740,
92303 4838568,
92321 4041104,
9232 64 78 34 28,
92308 7078741,
92334 8033984,
92302 5074727,
92302 4405636,
92333 4608785,
92322 4248573,
92324 9001929,
92300 4029629,
92321 9661661,
92321 8658550,
92320 4488587,
92323 4035578,
92321 7911671,
92300 8293092,
92321 0333065,
92322 4686926,
92315 4411423,
92321 4918200,
92307 8087267,
92321 8499894,
92309 9984402,
92347 4595734,
9232 87 00 43 77,
92324 4439032,
92321 7256024,
92322 0980199,
92300 8442731,
92333 4444422,
9232 3 406 30 30,
92300 4442197,
92323 5682999,
92305 2871401,
92301 6807320,
92302 0764671,
92322 3500009,
92332 4516973,
92300 8097483,
92324 4703694,
92321 8843191,
92319 6530805,
92334 0000830,
9232 53 53 55 35,
92320 8450020,
92321 4062664,
92304 4656306,
92300 2170317,
92322 9270713,
92042) 111 111 145,
92322 4194255,
92300 9388581,
92303 0274005,
92305 4767580,
92310 0402305,
92315 8483939,
92308 7547042,
92321 4941429,
92303 8491901,
92323 4677842,
92316 4006024,
92320 9445081,
92042) 36370564,
92330 3192094,
92335 1413076,
92321 4440492,
92300 7544126,
92317 4873654,
92301 8485087,
92302 8411961,
92042) 35771464,
92300 9423129,
92335 0166315,
92306 9667448,
92300 4703245,
92319 8595604,
92321 4088712,
92320 9047111,
92331 4895202,
92300 0777102,
92306 7111248,
92313 4449333,
92317 4066889,
92302 3366629,
92340 1754904,
92315 1272022,
92324 4523808,
92301 3758050,
92318 0738211,
92334 6438888,
92300 2926999,
92321 4729812,
92312 4210724,
92305 4382378,
92321 6666327,
92312 4171179,
92322 4449947,
92332 4156844,
92312 4049200,
92331 4986889,
92332 4474589,
92321 5753112,
92312 8852553,
92302 4689897,
92321 9457100,
92332 4668080,
92300 9446192,
92321 4233332,
92042) 35690812,
92308 4452919,
92323 8430015,
92322 7581118,
92311 4974189,
92332 4845970,
9232 3 841 74 02,
92322 3505594,
92321 2365701,
92321 4953962,
92314 4509142,
92312 4912626,
92971 54 570 9960,
92305 4449665,
92300 6922591,
92321 2567177,
92322 4000025,
9232 3 343 40 76,
92322 4825994,
92321 8848153,
92332 9669987,
9232 19 46 44 67,
92322 5176092,
92300 0818020,
92322 4157900,
92300 4615318,
92300 4653377,
92322 6500177,
92309 8855751,
9232 54 68 70 49,
92309 4452230,
92044) 5616772,
92323 8403254,
92042) 35455258,
92300 8266233,
92308 5120384,
92335 4700432,
92333 4522291,
92309 0049667,
92300 8430016,
92313 4470163,
92312 4188404,
92300 8400145,
92322 4146409,
92322 4004252,
92326 2994038,
92300 4258378,
92324 4228194,
92344 4000455,
92332 4577233,
92300 8625833,
92303 9508759,
92326 4227802,
92321 9425055,
92344 4416612,
92300 4355417,
92306 1888801,
92321 7388050,
92320 9426779,
92309 2014370,
92322 5802322,
92322 4717000,
9232 2 408 05 86,
92301 5148830,
92313 4177772,
9232 3 609 02 23,
92300 9202546,
92300 4017472,
92305 6453416,
92333 4942433,
92300 4236720,
92322 4843980,
92324 3802038,
92335 8346015,
92307 8480077,
92315 4464681,
92347 5919074,
92333 4444636,
92322 4738413,
92309 6619190,
92303 9502392,
92306 4597699,
92300 1002864,
92332 1402472,
92349 4917784,
92333 4514477,
92304 8888739,
92300 8726564,
92300 8424644,
92317 4468298,
92307 4694196,
92320 0457549,
92343 4753141,
92300 4554077,
92317 4343696,
92309 1467290,
92324 5510035,
92321 8488048,
92324 5743181,
92309 1467756,
92300 4440982,
92321 4457147,
92317 6411120,
92302 8221777,
92324 8495121,
92332 4390307,
92304 4666655,
92322 4605007,
92300 4108794,
92321 9780501,
92321 4021780,
92302 5090909,
92321 4284594,
92321 1103747,
92334 0737900,
92300 4343360,
92303 8065689,
92309 6401880,
92300 5305250,
92300 4526943,
92321 4049603,
92321 4879179,
92335 4013867,
92321 1681588,
9232 2 483 23 43,
92321 8861010,
92320 8004006,
92300 8487798,
92300 4383839,
92321 9413873,
92301 4080769,
92333 2028291,
92311 4788062,
92316 5618060,
92042) 36317273,
92331 4332479,
92305 4005940,
9232 2 448 44 36,
92327 4098316,
92323 4073772,
92320 1426575,
92308 0788885,
92312 3456393,
92322 8419100,
92301 8480553,
92334 4061640,
